<!DOCTYPE html>
<html><head data-gwd-animation-mode="quickMode"><meta name="GCD" content="YTk3ODQ3ZWZhN2I4NzZmMzBkNTEwYjJlef425097b10b2a9beba084881a87ffa9"/>
    <title>pruebas designer</title>
    <meta http-equiv="Content-Type" content="text/html; charset=utf-8">
    <meta name="generator" content="Google Web Designer 1.0.0.924">
    <style type="text/css">html, body {
  width: 100%;
  height: 100%;
  margin: 0px;
}

body {
  background-color: transparent;
  -webkit-transform: perspective(1400px) matrix3d(1, 0, 0, 0, 0, 1, 0, 0, 0, 0, 1, 0, 0, 0, 0, 1);
  -moz-transform: perspective(1400px) matrix3d(1, 0, 0, 0, 0, 1, 0, 0, 0, 0, 1, 0, 0, 0, 0, 1);
  transform: perspective(1400px) matrix3d(1, 0, 0, 0, 0, 1, 0, 0, 0, 0, 1, 0, 0, 0, 0, 1);
  -webkit-transform-style: preserve-3d;
  -moz-transform-style: preserve-3d;
  transform-style: preserve-3d;
}

.gwd-canvas-pfuh {
  position: absolute;
  width: 1089.3793945313px;
  height: 267.783203125px;
  color: rgb(0, 0, 0);
  -webkit-transform-style: preserve-3d;
  -moz-transform-style: preserve-3d;
  transform-style: preserve-3d;
  -webkit-transform: matrix3d(0.7906895737, 0, 0.61221728, 0, 0.2850572552, 0.8849876375, -0.3681565466, 0, -0.5418047243, 0.4656145203, 0.6997504978, 0, 45.4928012757, -10.276580203, 0, 1);
  -moz-transform: matrix3d(0.7906895737, 0, 0.61221728, 0, 0.2850572552, 0.8849876375, -0.3681565466, 0, -0.5418047243, 0.4656145203, 0.6997504978, 0, 45.4928012757, -10.276580203, 0, 1);
  transform: matrix3d(0.7906895737, 0, 0.61221728, 0, 0.2850572552, 0.8849876375, -0.3681565466, 0, -0.5418047243, 0.4656145203, 0.6997504978, 0, 45.4928012757, -10.276580203, 0, 1);
  top: 34.5476074219px;
  left: 230.1518554688px;
}

.gwd-div-xdef {
  position: absolute;
  width: 242px;
  height: 60px;
  left: 371px;
  top: 108px;
  font-family: 'Times New Roman';
  text-align: left;
  background-image: none;
  background-color: rgb(93, 255, 107);
}

.gwd-canvas-mxtc {
  position: absolute;
  width: 244px;
  height: 188px;
  left: 1037px;
  top: 456px;
  -webkit-transform: matrix3d(0.6593458151, 0, 0.7518398075, 0, -0.0229600699, 0.9995335908, 0.0201354409, 0, -0.7514891425, -0.0305385132, 0.6590382902, 0, 0, 0, 0, 1);
  -moz-transform: matrix3d(0.6593458151, 0, 0.7518398075, 0, -0.0229600699, 0.9995335908, 0.0201354409, 0, -0.7514891425, -0.0305385132, 0.6590382902, 0, 0, 0, 0, 1);
  transform: matrix3d(0.6593458151, 0, 0.7518398075, 0, -0.0229600699, 0.9995335908, 0.0201354409, 0, -0.7514891425, -0.0305385132, 0.6590382902, 0, 0, 0, 0, 1);
  -webkit-transform-style: preserve-3d;
  -moz-transform-style: preserve-3d;
  transform-style: preserve-3d;
}

.gwd-canvas-xt2c {
  position: absolute;
  width: 360px;
  height: 130px;
  left: 412.8453859128168px;
  top: 554.4077358489615px;
  -webkit-transform: matrix3d(-0.5829747968, 0, 0.8124902377, 0, 0, 1, 0, 0, -0.8124902377, 0, -0.5829747968, 0, 0, -4, 0, 1);
  -moz-transform: matrix3d(-0.5829747968, 0, 0.8124902377, 0, 0, 1, 0, 0, -0.8124902377, 0, -0.5829747968, 0, 0, -4, 0, 1);
  transform: matrix3d(-0.5829747968, 0, 0.8124902377, 0, 0, 1, 0, 0, -0.8124902377, 0, -0.5829747968, 0, 0, -4, 0, 1);
  -webkit-transform-style: preserve-3d;
  -moz-transform-style: preserve-3d;
  transform-style: preserve-3d;
}

.gwd-div-dzvd {
  position: absolute;
  width: 56.8635146556px;
  height: 25px;
  left: 536.1364853444px;
  top: 619px;
  -webkit-transform-origin: 38.4337645473px -4px 0px;
  -moz-transform-origin: 38.4337645473px -4px 0px;
  transform-origin: 38.4337645473px -4px 0px;
  -webkit-transform: matrix3d(0.4178144327, 0.9085323879, 0, 0, -0.9085323879, 0.4178144327, 0, 0, 0, 0, 1, 0, -82.4337645473, 0, 0, 1);
  -moz-transform: matrix3d(0.4178144327, 0.9085323879, 0, 0, -0.9085323879, 0.4178144327, 0, 0, 0, 0, 1, 0, -82.4337645473, 0, 0, 1);
  transform: matrix3d(0.4178144327, 0.9085323879, 0, 0, -0.9085323879, 0.4178144327, 0, 0, 0, 0, 1, 0, -82.4337645473, 0, 0, 1);
  -webkit-transform-style: preserve-3d;
  -moz-transform-style: preserve-3d;
  transform-style: preserve-3d;
}

</style>
    <style type="text/css" id="" media="screen" title="Temp">.gwd-div-zf1x {
  position: absolute;
  width: 371.7711760562px;
  height: 187.9694185358px;
  -webkit-transform-style: preserve-3d;
  -moz-transform-style: preserve-3d;
  transform-style: preserve-3d;
  -webkit-transform: matrix3d(1, 0, 0, 0, 0, 1, 0, 0, 0, 0, 1, 0, 0, 0, -197.2106489023, 1);
  -moz-transform: matrix3d(1, 0, 0, 0, 0, 1, 0, 0, 0, 0, 1, 0, 0, 0, -197.2106489023, 1);
  transform: matrix3d(1, 0, 0, 0, 0, 1, 0, 0, 0, 0, 1, 0, 0, 0, -197.2106489023, 1);
  top: 114.1544425688px;
  left: 589.1702268522px;
}

.gwd-div-0ii7 {
  position: absolute;
  width: 79.7143598027px;
  height: 50px;
  left: 570.7381943685673px;
  top: 349.7124621637884px;
}

.gwd-gen-5xdggwdanimation {
  -webkit-animation: gwd-gen-5xdggwdanimation_animation 4s linear 0s 1 forwards;
  -moz-animation: gwd-gen-5xdggwdanimation_animation 4s linear 0s 1 forwards;
  animation: gwd-gen-5xdggwdanimation_animation 4s linear 0s 1 forwards;
}

.gwd-gen-qvpkgwdanimation {
  -webkit-animation: gwd-gen-qvpkgwdanimation_animation 4s linear 0s 1 forwards;
  -moz-animation: gwd-gen-qvpkgwdanimation_animation 4s linear 0s 1 forwards;
  animation: gwd-gen-qvpkgwdanimation_animation 4s linear 0s 1 forwards;
}

.gwd-gen-qifmgwdanimation {
  -webkit-animation: gwd-gen-qifmgwdanimation_animation 4s linear 0s 1 forwards;
  -moz-animation: gwd-gen-qifmgwdanimation_animation 4s linear 0s 1 forwards;
  animation: gwd-gen-qifmgwdanimation_animation 4s linear 0s 1 forwards;
}

.gwd-gen-v60ugwdanimation {
  -webkit-animation: gwd-gen-v60ugwdanimation_animation 4s linear 0s 1 forwards;
  -moz-animation: gwd-gen-v60ugwdanimation_animation 4s linear 0s 1 forwards;
  animation: gwd-gen-v60ugwdanimation_animation 4s linear 0s 1 forwards;
}

.gwd-gen-sx3ugwdanimation {
  -webkit-animation: gwd-gen-sx3ugwdanimation_animation 4s linear 0s 1 forwards;
  -moz-animation: gwd-gen-sx3ugwdanimation_animation 4s linear 0s 1 forwards;
  animation: gwd-gen-sx3ugwdanimation_animation 4s linear 0s 1 forwards;
}

.gwd-gen-w9rogwdanimation {
  -webkit-animation: gwd-gen-w9rogwdanimation_animation 4s linear 0s 1 forwards;
  -moz-animation: gwd-gen-w9rogwdanimation_animation 4s linear 0s 1 forwards;
  animation: gwd-gen-w9rogwdanimation_animation 4s linear 0s 1 forwards;
}

.gwd-gen-h9hugwdanimation {
  -webkit-animation: gwd-gen-h9hugwdanimation_animation 4s linear 0s 1 forwards;
  -moz-animation: gwd-gen-h9hugwdanimation_animation 4s linear 0s 1 forwards;
  animation: gwd-gen-h9hugwdanimation_animation 4s linear 0s 1 forwards;
}

@-webkit-keyframes gwd-gen-5xdggwdanimation_animation {
  0% { -webkit-animation-timing-function: linear; -webkit-transform: matrix3d(0.7906895737, 0, 0.61221728, 0, 0.2850572552, 0.8849876375, -0.3681565466, 0, -0.5418047243, 0.4656145203, 0.6997504978, 0, 45.4928012757, -10.276580203, 0, 1); top: 34.5476074219px; left: 230.1518554688px; }
  50% { -webkit-animation-timing-function: linear; -webkit-transform: matrix3d(0.7906895737, 0, 0.61221728, 0, 0.2850572552, 0.8849876375, -0.3681565466, 0, -0.5418047243, 0.4656145203, 0.6997504978, 0, -395.216316109, 69.29167765, 0, 1); top: 34.5476074219px; left: 230.1518554688px; }
  25% { -webkit-animation-timing-function: linear; -webkit-transform: matrix3d(0.7906895737, 0, 0.61221728, 0, 0.2850572552, 0.8849876375, -0.3681565466, 0, -0.5418047243, 0.4656145203, 0.6997504978, 0, -77.8777128724, 64.875497525, 0, 1); top: 34.5476074219px; left: 230.1518554688px; }
  75% { -webkit-animation-timing-function: linear; -webkit-transform: matrix3d(0.7906895737, 0, 0.61221728, 0, 0.2850572552, 0.8849876375, -0.3681565466, 0, -0.5418047243, 0.4656145203, 0.6997504978, 0, 216.7859379417, 199.0557399751, 0, 1); top: 34.5476074219px; left: 230.1518554688px; }
  100% { -webkit-animation-timing-function: linear; -webkit-transform: matrix3d(0.7906895737, 0, 0.61221728, 0, 0.2850572552, 0.8849876375, -0.3681565466, 0, -0.5418047243, 0.4656145203, 0.6997504978, 0, 249.7734651659, 30.7555076636, 0, 1); top: 34.5476074219px; left: 230.1518554688px; }
}
@-moz-keyframes gwd-gen-5xdggwdanimation_animation {
  0% { -moz-animation-timing-function: linear; -moz-transform: matrix3d(0.7906895737, 0, 0.61221728, 0, 0.2850572552, 0.8849876375, -0.3681565466, 0, -0.5418047243, 0.4656145203, 0.6997504978, 0, 45.4928012757, -10.276580203, 0, 1); top: 34.5476074219px; left: 230.1518554688px; }
  50% { -moz-animation-timing-function: linear; -moz-transform: matrix3d(0.7906895737, 0, 0.61221728, 0, 0.2850572552, 0.8849876375, -0.3681565466, 0, -0.5418047243, 0.4656145203, 0.6997504978, 0, -395.216316109, 69.29167765, 0, 1); top: 34.5476074219px; left: 230.1518554688px; }
  25% { -moz-animation-timing-function: linear; -moz-transform: matrix3d(0.7906895737, 0, 0.61221728, 0, 0.2850572552, 0.8849876375, -0.3681565466, 0, -0.5418047243, 0.4656145203, 0.6997504978, 0, -77.8777128724, 64.875497525, 0, 1); top: 34.5476074219px; left: 230.1518554688px; }
  75% { -moz-animation-timing-function: linear; -moz-transform: matrix3d(0.7906895737, 0, 0.61221728, 0, 0.2850572552, 0.8849876375, -0.3681565466, 0, -0.5418047243, 0.4656145203, 0.6997504978, 0, 216.7859379417, 199.0557399751, 0, 1); top: 34.5476074219px; left: 230.1518554688px; }
  100% { -moz-animation-timing-function: linear; -moz-transform: matrix3d(0.7906895737, 0, 0.61221728, 0, 0.2850572552, 0.8849876375, -0.3681565466, 0, -0.5418047243, 0.4656145203, 0.6997504978, 0, 249.7734651659, 30.7555076636, 0, 1); top: 34.5476074219px; left: 230.1518554688px; }
}
@keyframes gwd-gen-5xdggwdanimation_animation {
  0% { animation-timing-function: linear; transform: matrix3d(0.7906895737, 0, 0.61221728, 0, 0.2850572552, 0.8849876375, -0.3681565466, 0, -0.5418047243, 0.4656145203, 0.6997504978, 0, 45.4928012757, -10.276580203, 0, 1); top: 34.5476074219px; left: 230.1518554688px; }
  50% { animation-timing-function: linear; transform: matrix3d(0.7906895737, 0, 0.61221728, 0, 0.2850572552, 0.8849876375, -0.3681565466, 0, -0.5418047243, 0.4656145203, 0.6997504978, 0, -395.216316109, 69.29167765, 0, 1); top: 34.5476074219px; left: 230.1518554688px; }
  25% { animation-timing-function: linear; transform: matrix3d(0.7906895737, 0, 0.61221728, 0, 0.2850572552, 0.8849876375, -0.3681565466, 0, -0.5418047243, 0.4656145203, 0.6997504978, 0, -77.8777128724, 64.875497525, 0, 1); top: 34.5476074219px; left: 230.1518554688px; }
  75% { animation-timing-function: linear; transform: matrix3d(0.7906895737, 0, 0.61221728, 0, 0.2850572552, 0.8849876375, -0.3681565466, 0, -0.5418047243, 0.4656145203, 0.6997504978, 0, 216.7859379417, 199.0557399751, 0, 1); top: 34.5476074219px; left: 230.1518554688px; }
  100% { animation-timing-function: linear; transform: matrix3d(0.7906895737, 0, 0.61221728, 0, 0.2850572552, 0.8849876375, -0.3681565466, 0, -0.5418047243, 0.4656145203, 0.6997504978, 0, 249.7734651659, 30.7555076636, 0, 1); top: 34.5476074219px; left: 230.1518554688px; }
}
@-webkit-keyframes gwd-gen-qvpkgwdanimation_animation {
  0% { -webkit-animation-timing-function: linear; }
  50% { -webkit-animation-timing-function: linear; }
  25% { -webkit-animation-timing-function: linear; }
  75% { -webkit-animation-timing-function: linear; }
  100% { -webkit-animation-timing-function: linear; }
}
@-moz-keyframes gwd-gen-qvpkgwdanimation_animation {
  0% { -moz-animation-timing-function: linear; }
  50% { -moz-animation-timing-function: linear; }
  25% { -moz-animation-timing-function: linear; }
  75% { -moz-animation-timing-function: linear; }
  100% { -moz-animation-timing-function: linear; }
}
@keyframes gwd-gen-qvpkgwdanimation_animation {
  0% { animation-timing-function: linear; }
  50% { animation-timing-function: linear; }
  25% { animation-timing-function: linear; }
  75% { animation-timing-function: linear; }
  100% { animation-timing-function: linear; }
}
@-webkit-keyframes gwd-gen-qifmgwdanimation_animation {
  0% { -webkit-animation-timing-function: linear; }
  50% { -webkit-animation-timing-function: linear; }
  25% { -webkit-animation-timing-function: linear; }
  75% { -webkit-animation-timing-function: linear; }
  100% { -webkit-animation-timing-function: linear; }
}
@-moz-keyframes gwd-gen-qifmgwdanimation_animation {
  0% { -moz-animation-timing-function: linear; }
  50% { -moz-animation-timing-function: linear; }
  25% { -moz-animation-timing-function: linear; }
  75% { -moz-animation-timing-function: linear; }
  100% { -moz-animation-timing-function: linear; }
}
@keyframes gwd-gen-qifmgwdanimation_animation {
  0% { animation-timing-function: linear; }
  50% { animation-timing-function: linear; }
  25% { animation-timing-function: linear; }
  75% { animation-timing-function: linear; }
  100% { animation-timing-function: linear; }
}
@-webkit-keyframes gwd-gen-v60ugwdanimation_animation {
  0% { -webkit-animation-timing-function: linear; }
  50% { -webkit-animation-timing-function: linear; }
  25% { -webkit-animation-timing-function: linear; }
  75% { -webkit-animation-timing-function: linear; }
  100% { -webkit-animation-timing-function: linear; }
}
@-moz-keyframes gwd-gen-v60ugwdanimation_animation {
  0% { -moz-animation-timing-function: linear; }
  50% { -moz-animation-timing-function: linear; }
  25% { -moz-animation-timing-function: linear; }
  75% { -moz-animation-timing-function: linear; }
  100% { -moz-animation-timing-function: linear; }
}
@keyframes gwd-gen-v60ugwdanimation_animation {
  0% { animation-timing-function: linear; }
  50% { animation-timing-function: linear; }
  25% { animation-timing-function: linear; }
  75% { animation-timing-function: linear; }
  100% { animation-timing-function: linear; }
}
@-webkit-keyframes gwd-gen-sx3ugwdanimation_animation {
  0% { -webkit-animation-timing-function: linear; }
  50% { -webkit-animation-timing-function: linear; }
  25% { -webkit-animation-timing-function: linear; }
  75% { -webkit-animation-timing-function: linear; }
  100% { -webkit-animation-timing-function: linear; }
}
@-moz-keyframes gwd-gen-sx3ugwdanimation_animation {
  0% { -moz-animation-timing-function: linear; }
  50% { -moz-animation-timing-function: linear; }
  25% { -moz-animation-timing-function: linear; }
  75% { -moz-animation-timing-function: linear; }
  100% { -moz-animation-timing-function: linear; }
}
@keyframes gwd-gen-sx3ugwdanimation_animation {
  0% { animation-timing-function: linear; }
  50% { animation-timing-function: linear; }
  25% { animation-timing-function: linear; }
  75% { animation-timing-function: linear; }
  100% { animation-timing-function: linear; }
}
@-webkit-keyframes gwd-gen-w9rogwdanimation_animation {
  0% { -webkit-animation-timing-function: linear; top: 114.1544425688px; left: 589.1702268522px; }
  50% { -webkit-animation-timing-function: linear; top: 301.6544425688px; left: 494.1702268522px; }
  25% { -webkit-animation-timing-function: linear; top: 301.6544425688px; left: 494.1702268522px; }
  75% { -webkit-animation-timing-function: linear; top: 301.6544425688px; left: 494.1702268522px; }
  100% { -webkit-animation-timing-function: linear; top: 301.6544425688px; left: 494.1702268522px; }
}
@-moz-keyframes gwd-gen-w9rogwdanimation_animation {
  0% { -moz-animation-timing-function: linear; top: 114.1544425688px; left: 589.1702268522px; }
  50% { -moz-animation-timing-function: linear; top: 301.6544425688px; left: 494.1702268522px; }
  25% { -moz-animation-timing-function: linear; top: 301.6544425688px; left: 494.1702268522px; }
  75% { -moz-animation-timing-function: linear; top: 301.6544425688px; left: 494.1702268522px; }
  100% { -moz-animation-timing-function: linear; top: 301.6544425688px; left: 494.1702268522px; }
}
@keyframes gwd-gen-w9rogwdanimation_animation {
  0% { animation-timing-function: linear; top: 114.1544425688px; left: 589.1702268522px; }
  50% { animation-timing-function: linear; top: 301.6544425688px; left: 494.1702268522px; }
  25% { animation-timing-function: linear; top: 301.6544425688px; left: 494.1702268522px; }
  75% { animation-timing-function: linear; top: 301.6544425688px; left: 494.1702268522px; }
  100% { animation-timing-function: linear; top: 301.6544425688px; left: 494.1702268522px; }
}
@-webkit-keyframes gwd-gen-h9hugwdanimation_animation {
  0% { -webkit-animation-timing-function: linear; left: 570.7381943685673px; top: 349.7124621637884px; }
  50% { -webkit-animation-timing-function: linear; left: 659.2819726119542px; top: 360.81013902739056px; }
  25% { -webkit-animation-timing-function: linear; left: 659.2819726119542px; top: 360.81013902739056px; }
  75% { -webkit-animation-timing-function: linear; left: 659.2819726119542px; top: 360.81013902739056px; }
  100% { -webkit-animation-timing-function: linear; left: 659.2819726119542px; top: 360.81013902739056px; }
}
@-moz-keyframes gwd-gen-h9hugwdanimation_animation {
  0% { -moz-animation-timing-function: linear; left: 570.7381943685673px; top: 349.7124621637884px; }
  50% { -moz-animation-timing-function: linear; left: 659.2819726119542px; top: 360.81013902739056px; }
  25% { -moz-animation-timing-function: linear; left: 659.2819726119542px; top: 360.81013902739056px; }
  75% { -moz-animation-timing-function: linear; left: 659.2819726119542px; top: 360.81013902739056px; }
  100% { -moz-animation-timing-function: linear; left: 659.2819726119542px; top: 360.81013902739056px; }
}
@keyframes gwd-gen-h9hugwdanimation_animation {
  0% { animation-timing-function: linear; left: 570.7381943685673px; top: 349.7124621637884px; }
  50% { animation-timing-function: linear; left: 659.2819726119542px; top: 360.81013902739056px; }
  25% { animation-timing-function: linear; left: 659.2819726119542px; top: 360.81013902739056px; }
  75% { animation-timing-function: linear; left: 659.2819726119542px; top: 360.81013902739056px; }
  100% { animation-timing-function: linear; left: 659.2819726119542px; top: 360.81013902739056px; }
}
.gwd-div-jzzw {
  position: absolute;
  width: 512.3409548547px;
  height: 190.6797068853px;
  left: 308px;
  top: 209px;
  color: rgb(0, 0, 0);
  font-family: fantasy;
  text-align: center;
  font-size: 64px;
}

@-webkit-keyframes gwd-gen-pskkgwdanimation_animation {
  0% { -webkit-animation-timing-function: linear; font-size: 64px; }
  100% { -webkit-animation-timing-function: linear; font-size: 16px; }
  25% { -webkit-animation-timing-function: linear; font-size: 16px; }
  50% { -webkit-animation-timing-function: linear; font-size: 16px; }
  75% { -webkit-animation-timing-function: linear; font-size: 16px; }
}
@-moz-keyframes gwd-gen-pskkgwdanimation_animation {
  0% { -moz-animation-timing-function: linear; font-size: 64px; }
  100% { -moz-animation-timing-function: linear; font-size: 16px; }
  25% { -moz-animation-timing-function: linear; font-size: 16px; }
  50% { -moz-animation-timing-function: linear; font-size: 16px; }
  75% { -moz-animation-timing-function: linear; font-size: 16px; }
}
@keyframes gwd-gen-pskkgwdanimation_animation {
  0% { animation-timing-function: linear; font-size: 64px; }
  100% { animation-timing-function: linear; font-size: 16px; }
  25% { animation-timing-function: linear; font-size: 16px; }
  50% { animation-timing-function: linear; font-size: 16px; }
  75% { animation-timing-function: linear; font-size: 16px; }
}
.gwd-gen-pskkgwdanimation {
  -webkit-animation: gwd-gen-pskkgwdanimation_animation 4s linear 0s 1 forwards;
  -moz-animation: gwd-gen-pskkgwdanimation_animation 4s linear 0s 1 forwards;
  animation: gwd-gen-pskkgwdanimation_animation 4s linear 0s 1 forwards;
}

.gwd-div-a5c5 {
  position: absolute;
  width: 102.2740450096px;
  height: 142.294812983px;
  left: 819px;
  top: 400px;
  font-family: 'Times New Roman';
  text-align: left;
  color: rgb(0, 0, 0);
}

@-webkit-keyframes gwd-gen-0p2lgwdanimation_animation {
  0% { -webkit-animation-timing-function: linear; }
  100% { -webkit-animation-timing-function: linear; }
  25% { -webkit-animation-timing-function: linear; }
  50% { -webkit-animation-timing-function: linear; }
  75% { -webkit-animation-timing-function: linear; }
}
@-moz-keyframes gwd-gen-0p2lgwdanimation_animation {
  0% { -moz-animation-timing-function: linear; }
  100% { -moz-animation-timing-function: linear; }
  25% { -moz-animation-timing-function: linear; }
  50% { -moz-animation-timing-function: linear; }
  75% { -moz-animation-timing-function: linear; }
}
@keyframes gwd-gen-0p2lgwdanimation_animation {
  0% { animation-timing-function: linear; }
  100% { animation-timing-function: linear; }
  25% { animation-timing-function: linear; }
  50% { animation-timing-function: linear; }
  75% { animation-timing-function: linear; }
}
.gwd-gen-0p2lgwdanimation {
  -webkit-animation: gwd-gen-0p2lgwdanimation_animation 4s linear 0s 1 forwards;
  -moz-animation: gwd-gen-0p2lgwdanimation_animation 4s linear 0s 1 forwards;
  animation: gwd-gen-0p2lgwdanimation_animation 4s linear 0s 1 forwards;
}

.gwd-gen-5xdggwdanimation-gen-animation0keyframe {
  -webkit-transform: matrix3d(0.7906895737, 0, 0.61221728, 0, 0.2850572552, 0.8849876375, -0.3681565466, 0, -0.5418047243, 0.4656145203, 0.6997504978, 0, 45.4928012757, -10.276580203, 0, 1);
  -moz-transform: matrix3d(0.7906895737, 0, 0.61221728, 0, 0.2850572552, 0.8849876375, -0.3681565466, 0, -0.5418047243, 0.4656145203, 0.6997504978, 0, 45.4928012757, -10.276580203, 0, 1);
  transform: matrix3d(0.7906895737, 0, 0.61221728, 0, 0.2850572552, 0.8849876375, -0.3681565466, 0, -0.5418047243, 0.4656145203, 0.6997504978, 0, 45.4928012757, -10.276580203, 0, 1);
  top: 34.5476074219px;
  left: 230.1518554688px;
}

.gwd-gen-qvpkgwdanimation-gen-animation0keyframe {
}

.gwd-gen-qifmgwdanimation-gen-animation0keyframe {
}

.gwd-gen-v60ugwdanimation-gen-animation0keyframe {
}

.gwd-gen-sx3ugwdanimation-gen-animation0keyframe {
}

.gwd-gen-w9rogwdanimation-gen-animation0keyframe {
  top: 114.1544425688px;
  left: 589.1702268522px;
}

.gwd-gen-h9hugwdanimation-gen-animation0keyframe {
  left: 570.7381943685673px;
  top: 349.7124621637884px;
}

.gwd-gen-pskkgwdanimation-gen-animation0keyframe {
  font-size: 64px;
}

.gwd-gen-0p2lgwdanimation-gen-animation0keyframe {
}

</style>
    <script type="text/x-serialization" data-gwd-canvas="serialization">
      {"useCanvas":1,"useWebGl":0,"data":["{\"version\":0.1,\"id\":\"733mdjlw\",\"fov\":45,\"zNear\":0.1,\"zFar\":100,\"viewDist\":5,\"webGL\":false,\"lightAmount\":0.3,\"children\":[{\"anchors\":[[[28,96,0],[27.85,99.45,0],[249.85,196.45,0]],[[173.85,232.45,0],[300.85,196.45,0],[427.85,160.45,0]],[[469.35,91.95,0],[511.35,143.95,0],[553.35,195.95,0]],[[535.35,246.95,0],[650.35,207.95,0],[765.35,168.95,0]],[[771.35,200.95,0],[836.35,217.95,0],[901.35,234.95,0]],[[894.35,314.95,0],[951.35,226.95,0],[1008.35,138.95,0]],[[1162.35,138.95,0],[1047.35,100.95,0],[932.35,62.95,0]],[[865.35,22.95,0],[808.35,61.95,0],[751.35,100.95,0]],[[815.35,153.56,0],[720.35,99.56,0],[625.35,45.56,0]],[[654.35,27.56,0],[549.35,44.56,0],[444.35,61.56,0]],[[507.35,116.89,0],[390.35,65.89,0],[273.35,14.89,0]],[[248.35,-13.11,0],[194.35,6.89,0],[140.35,26.89,0]],[[137.35,56,0],[82.35,46,0],[27.35,36,0]],[[-5.65,-30,0],[1.35,32,0],[8.35,94,0]]],\"isClosed\":true,\"strokeWidth\":1,\"strokeColor\":[1,1,1,1],\"fillColor\":[0.1803921568627451,0,1,1],\"type\":5,\"geomType\":5}]}","{\"version\":0.1,\"id\":\"8gemc1bc\",\"fov\":45,\"zNear\":0.1,\"zFar\":100,\"viewDist\":5,\"webGL\":false,\"lightAmount\":0.3,\"children\":[{\"type\":1,\"xoff\":0,\"yoff\":0,\"strokeWidth\":1,\"strokeColor\":[0,0,0,1],\"fillColor\":[0.7764705882352941,0.8,0,1],\"tlRadius\":0,\"trRadius\":0,\"blRadius\":0,\"brRadius\":0,\"width\":244,\"height\":188,\"strokeStyle\":\"Solid\",\"strokeMat\":null,\"fillMat\":null}]}","{\"version\":0.1,\"id\":\"shf94elg\",\"fov\":45,\"zNear\":0.1,\"zFar\":100,\"viewDist\":5,\"webGL\":false,\"lightAmount\":0.3,\"children\":[{\"type\":1,\"xoff\":0,\"yoff\":0,\"strokeWidth\":1,\"strokeColor\":[0,0,0,1],\"fillColor\":[0.9882352941176471,0.4549019607843137,1,1],\"tlRadius\":0,\"trRadius\":0,\"blRadius\":0,\"brRadius\":0,\"width\":360,\"height\":130,\"strokeStyle\":\"Solid\",\"strokeMat\":null,\"fillMat\":null}]}"]}
    </script>
    <script data-gwd-canvas="runtime" type="text/javascript">
      // Copyright 2013 Google Inc. All Rights Reserved.
      (function(){var t=function(c,a){this.c=void 0!==c?c:0;this.d=void 0!==a?a:0};t.prototype.ceil=function(){this.c=Math.ceil(this.c);this.d=Math.ceil(this.d);return this};t.prototype.floor=function(){this.c=Math.floor(this.c);this.d=Math.floor(this.d);return this};window.addEventListener("load",function(){window.removeEventListener("load",x,!1);x()},!1);
      var x=function(){for(var c,a,h=[],d=document.querySelectorAll('[type="text/x-serialization"][data-gwd-canvas="serialization"]'),m=d.length,g=0;g<m;g++)h.push(JSON.parse(d[g].textContent));d=h.length;for(m=0;m<d;m++)for(var g=h[m].data,n=document.body,f=g.length,r=0;r<f;r++){var b=JSON.parse(g[r]);if(b.children&&1===b.children.length&&(c=b.id)&&(c=n.querySelector("canvas[data-RDGE-id='"+c+"']"))){a=c;var e=b.children[0],b=a.getContext("2d");c=a.width;a=a.height;switch(e.type){case 1:var k=e.strokeWidth;
      b.beginPath();var p=Math.ceil(k)-0.5;e.fillColor&&(b.fillStyle=y(b,e.fillColor,c,a,k,p),b.lineWidth=k,B(e,p,b,c,a),b.fill(),b.closePath());b.beginPath();p=Math.ceil(0.5*k)-0.5;e.strokeColor&&(b.strokeStyle=y(b,e.strokeColor,c,a,k,0),b.lineWidth=k,B(e,p,b,c,a),b.stroke(),b.closePath());break;case 2:var k=e.strokeWidth,p=e.innerRadius,s=e.strokeColor,e=e.fillColor,l=0.5*(c-k),q=0.5*(a-k),u=0.5*(p*c-k),D=0.5*(p*a-k),v=0.5*c,w=0.5*a,z=null!=e,A=null!=s&&0<k;z&&(b.fillStyle=y(b,e,c,a,k,k));A&&(b.strokeStyle=
      y(b,s,c,a,k,k),b.lineWidth=k);0===p?(C(b,v,w,l,q,!0,!0),z&&b.fill(),A&&b.stroke()):(z&&(C(b,v,w,l,q,!0,!0),C(b,v,w,u,D,!1,!1),b.fill()),A&&(C(b,v,w,l,q,!0,!0),b.stroke(),C(b,v,w,u,D,!1,!0),b.stroke()));break;case 3:l=e.strokeColor;k=e.slope;p=e.xAdj;s=e.yAdj;b.beginPath();b.lineWidth=e.strokeWidth;if(l){b.strokeStyle=y(b,l,c,a,0,0);l=[];e=[];switch(k){case "vertical":l=[0.5*c,0];e=[0.5*c,a];break;case "horizontal":l=[0,0.5*a];e=[c,0.5*a];break;default:0<k?(l=[p,s],e=[c-p,a-s]):(l=[p,a-s],e=[c-p,s])}c=
      new t(l[0],l[1]);a=new t(e[0],e[1]);b.moveTo(c.c,c.d);b.lineTo(a.c,a.d);b.stroke()}break;case 5:b.save();k=null!=e.fillColor;p=null!=e.strokeColor&&0<e.strokeWidth;b.lineCap="round";b.lineJoin="round";s=e.anchors.length;q=l=null;if(1<s){b.beginPath();l=e.anchors[0];b.moveTo(l[1][0],l[1][1]);for(u=1;u<s;u++)q=e.anchors[u],b.bezierCurveTo(l[2][0],l[2][1],q[0][0],q[0][1],q[1][0],q[1][1]),l=q;e.isClosed&&(q=e.anchors[0],b.bezierCurveTo(l[2][0],l[2][1],q[0][0],q[0][1],q[1][0],q[1][1]));k&&(b.fillStyle=
      y(b,e.fillColor,c,a,e.strokeWidth,0),b.fill());p&&(b.lineWidth=e.strokeWidth,b.strokeStyle=y(b,e.strokeColor,c,a,e.strokeWidth,0),b.stroke())}b.restore()}}}},y=function(c,a,h,d,m,g){if(a.gradientMode){var n=0.5*h,f=0.5*d;c="radial"==a.gradientMode?c.createRadialGradient(n,f,0,n,f,Math.max(h-2*m,d-2*m)/2):c.createLinearGradient(g,f,h-g,f);a=a.color;h=a.length;for(d=0;d<h;d++)m=a[d].value,c.addColorStop(a[d].position/100,"rgba("+m.r+","+m.g+","+m.b+","+m.a+")");return c}return"rgba("+Math.floor(255*
      a[0])+","+Math.floor(255*a[1])+","+Math.floor(255*a[2])+","+a[3]+")"},B=function(c,a,h,d,m){var g=0.5*d,n=0.5*m,f=[a,a],r=c.tlRadius,b=c.trRadius,e=c.blRadius;c=c.brRadius;g=g<n?g:n;r>g&&(r=g);e>g&&(e=g);c>g&&(c=g);b>g&&(b=g);g=d-a;n=m-a;0>=r&&0>=e&&0>=c&&0>=b?h.rect(f[0],f[1],d-2*a,m-2*a):(d=r-a,0>d&&(d=0),f[1]+=d,0.001>Math.abs(d)&&(f[1]=a),h.moveTo(f[0],f[1]),f=[a,n],d=e-a,0>d&&(d=0),f[1]-=d,h.lineTo(f[0],f[1]),0.001<d&&h.arcTo(a,n,a+d,n,e-a),f=[g,n],d=c-a,0>d&&(d=0),f[0]-=d,h.lineTo(f[0],f[1]),
      0.001<d&&h.arcTo(g,n,g,n-d,c-a),f=[g,a],d=b-a,0>d&&(d=0),f[1]+=d,h.lineTo(f[0],f[1]),0.001<d&&h.arcTo(g,a,g-d,a,b-a),f=[a,a],d=r-a,0>d&&(d=0),f[0]+=d,h.lineTo(f[0],f[1]),0.001<d?h.arcTo(a,a,a,a+d,r-a):h.lineTo(a,2*a))},C=function(c,a,h,d,m,g,n){c.save();n&&c.beginPath();c.translate(a,h);c.scale(d,m);c.arc(0,0,1,0,2*Math.PI,g);c.restore()};})();
    </script>
  </head>
  
  <body>
    <canvas data-rdge-id="733mdjlw" width="1089" height="267" class="gwd-canvas-pfuh gwd-gen-5xdggwdanimation gwd-gen-5xdggwdanimation-gen-animation0keyframe"></canvas>
    <canvas data-rdge-id="8gemc1bc" width="244" height="188" class="gwd-canvas-mxtc gwd-gen-qvpkgwdanimation gwd-gen-qvpkgwdanimation-gen-animation0keyframe"></canvas>
    <canvas data-rdge-id="shf94elg" width="360" height="130" class="gwd-canvas-xt2c gwd-gen-qifmgwdanimation gwd-gen-qifmgwdanimation-gen-animation0keyframe"></canvas>
    <div class="gwd-div-dzvd gwd-gen-v60ugwdanimation gwd-gen-v60ugwdanimation-gen-animation0keyframe"></div>
    <div class="gwd-div-xdef gwd-gen-sx3ugwdanimation gwd-gen-sx3ugwdanimation-gen-animation0keyframe">Testing Designer web
      <div class="">
        <br>
      </div>
    </div>
    <div class="gwd-div-zf1x gwd-gen-w9rogwdanimation gwd-gen-w9rogwdanimation-gen-animation0keyframe"></div>
    <div class="gwd-div-0ii7 gwd-gen-h9hugwdanimation gwd-gen-h9hugwdanimation-gen-animation0keyframe"></div>
    <div class="gwd-div-jzzw gwd-gen-pskkgwdanimation gwd-gen-pskkgwdanimation-gen-animation0keyframe">&nbsp;TESTING GOOGLE WEB DESIGNER</div>
    <div class="gwd-div-a5c5 gwd-gen-0p2lgwdanimation gwd-gen-0p2lgwdanimation-gen-animation0keyframe"></div>
  

</body></html>
